episode, step, return, noise
1, 4234, -216.797, 2.000
2, 5959, -337.471, 1.980
3, 2424, -80.479, 1.960
4, 649, 51.581, 1.941
5, 664, 50.060, 1.921
6, 4585, -231.519, 1.902
7, 1300, 5.063, 1.883
8, 2054, -47.631, 1.864
9, 607, 55.494, 1.845
10, 8682, -526.795, 1.827
11, 794, 42.973, 1.809
12, 3023, -117.474, 1.791
13, 3637, -156.114, 1.773
14, 2478, -76.233, 1.755
15, 3221, -127.433, 1.737
16, 4383, -206.590, 1.720
17, 1906, -32.874, 1.703
18, 4149, -187.768, 1.686
19, 7651, -428.047, 1.669
20, 2026, -40.685, 1.652
21, 3181, -120.064, 1.636
22, 9195, -529.356, 1.619
23, 2866, -96.795, 1.603
24, 1155, 20.724, 1.587
25, 3656, -142.247, 1.571
26, 1602, -8.431, 1.556
27, 2070, -38.836, 1.540
28, 6269, -319.128, 1.525
29, 946, 36.544, 1.509
30, 5609, -267.862, 1.494
31, 1192, 21.366, 1.479
32, 6363, -312.428, 1.465
33, 2274, -46.475, 1.450
34, 3858, -154.463, 1.435
35, 3974, -159.279, 1.421
36, 656, 57.895, 1.407
37, 2047, -29.500, 1.393
38, 3117, -99.224, 1.379
39, 9087, -467.521, 1.365
40, 4167, -161.400, 1.351
41, 4658, -190.527, 1.338
42, 2922, -78.622, 1.325
43, 7353, -349.099, 1.311
44, 2539, -58.478, 1.298
45, 2356, -40.779, 1.285
46, 2997, -84.895, 1.272
47, 8812, -433.889, 1.260
48, 815, 50.154, 1.247
49, 4660, -181.341, 1.235
50, 2211, -29.712, 1.222
51, 3812, -123.168, 1.210
52, 4078, -141.039, 1.198
53, 9999, -594.342, 1.186
54, 1583, 7.244, 1.174
55, 982, 43.209, 1.162
56, 1684, 1.707, 1.151
57, 4757, -175.639, 1.139
58, 2449, -36.375, 1.128
59, 1069, 41.928, 1.117
60, 2138, -16.487, 1.105
61, 2536, -37.995, 1.094
62, 9907, -443.362, 1.083
63, 1541, 15.116, 1.073
64, 2229, -22.222, 1.062
65, 9999, -535.694, 1.051
66, 1576, 15.660, 1.041
67, 2442, -31.367, 1.030
68, 3248, -71.719, 1.020
69, 1890, 1.453, 1.010
70, 1267, 31.201, 1.000
71, 2077, -8.845, 0.990
72, 1914, 1.100, 0.980
73, 1382, 31.907, 0.970
74, 926, 52.564, 0.960
75, 3309, -66.790, 0.951
76, 1410, 27.008, 0.941
77, 8029, -293.393, 0.932
78, 1724, 16.396, 0.922
79, 3214, -53.436, 0.913
80, 2513, -20.696, 0.904
81, 1504, 28.999, 0.895
82, 2367, -11.850, 0.886
83, 3504, -68.003, 0.877
84, 4985, -130.027, 0.868
85, 1305, 39.347, 0.860
86, 3815, -79.586, 0.851
87, 3125, -44.176, 0.843
88, 5944, -169.103, 0.834
89, 1793, 19.444, 0.826
90, 3404, -50.926, 0.818
91, 2106, 9.170, 0.809
92, 3708, -59.341, 0.801
93, 2646, -12.997, 0.793
94, 1103, 52.610, 0.785
95, 4402, -91.240, 0.778
96, 4193, -76.823, 0.770
97, 2765, -12.638, 0.762
98, 2802, -14.332, 0.754
99, 5717, -131.983, 0.747
100, 6120, -144.635, 0.739
101, 9999, -396.343, 0.732
102, 1334, 48.154, 0.725
103, 3469, -36.689, 0.717
104, 4244, -60.890, 0.710
105, 7504, -187.524, 0.703
106, 4112, -54.176, 0.696
107, 2312, 15.710, 0.689
108, 5206, -98.315, 0.682
109, 2706, 1.277, 0.676
110, 9999, -361.446, 0.669
111, 1668, 40.199, 0.662
112, 3264, -16.367, 0.655
113, 1196, 56.195, 0.649
114, 8453, -195.892, 0.642
115, 2581, 11.469, 0.636
116, 1419, 51.026, 0.630
117, 9999, -333.219, 0.623
118, 9999, -332.984, 0.617
119, 3464, -18.274, 0.611
120, 4115, -32.733, 0.605
121, 5560, -75.940, 0.599
122, 9999, -322.670, 0.593
123, 1871, 43.604, 0.587
124, 7962, -143.832, 0.581
125, 2802, 15.992, 0.575
126, 2597, 23.348, 0.569
127, 3333, -0.713, 0.564
128, 2434, 26.375, 0.558
129, 3638, -6.510, 0.553
130, 6550, -89.432, 0.547
131, 9999, -279.966, 0.542
132, 3633, -1.424, 0.536
133, 5591, -52.534, 0.531
134, 6545, -82.320, 0.525
135, 4035, -7.314, 0.520
136, 9072, -141.235, 0.515
137, 4602, -22.634, 0.510
138, 3669, 4.391, 0.505
139, 9999, -254.338, 0.500
140, 6308, -55.497, 0.495
141, 8168, -101.321, 0.490
142, 3425, 14.489, 0.485
143, 8264, -102.205, 0.480
144, 5699, -40.462, 0.475
145, 9999, -241.698, 0.470
146, 9999, -236.838, 0.466
147, 9189, -113.851, 0.461
148, 9999, -222.271, 0.456
149, 5285, -17.470, 0.452
150, 9999, -222.517, 0.447
151, 8354, -82.649, 0.443
152, 5501, -19.657, 0.438
153, 1976, 55.692, 0.434
154, 3125, 30.369, 0.430
155, 2645, 44.175, 0.425
156, 3672, 24.165, 0.421
157, 9999, -202.707, 0.417
158, 9999, -201.591, 0.413
159, 5741, -16.697, 0.409
160, 9999, -196.205, 0.405
161, 6376, -20.947, 0.401
162, 3048, 40.268, 0.397
163, 3942, 23.619, 0.393
164, 9999, -188.495, 0.389
165, 9999, -185.962, 0.385
166, 4855, 9.243, 0.381
167, 7055, -25.222, 0.377
168, 9999, -175.877, 0.373
169, 8202, -41.923, 0.370
170, 7150, -22.547, 0.366
171, 2034, 65.626, 0.362
172, 9999, -169.259, 0.359
173, 9297, -58.371, 0.355
174, 6516, -8.129, 0.351
175, 6445, -6.640, 0.348
176, 9999, -158.274, 0.344
177, 9999, -158.966, 0.341
178, 8919, -36.825, 0.338
179, 9999, -154.995, 0.334
180, 8843, -38.012, 0.331
181, 9526, -44.567, 0.328
182, 9999, -156.585, 0.324
183, 9999, -151.023, 0.321
184, 6591, 0.163, 0.318
185, 7617, -12.752, 0.315
186, 6958, 2.425, 0.312
187, 3770, 49.520, 0.308
188, 4536, 35.083, 0.305
189, 9999, -137.307, 0.302
190, 3091, 58.500, 0.299
191, 9999, -138.276, 0.296
192, 9999, -132.579, 0.293
193, 9999, -133.541, 0.290
194, 9999, -129.403, 0.287
195, 9999, -127.100, 0.285
196, 9999, -127.776, 0.282
197, 9999, -127.932, 0.279
198, 9999, -128.260, 0.276
199, 7296, 7.314, 0.273
200, 9999, -126.022, 0.271
201, 9999, -122.588, 0.268
202, 9999, -119.830, 0.265
203, 9999, -121.319, 0.263
204, 9999, -119.273, 0.260
205, 5186, 37.143, 0.257
206, 9999, -117.531, 0.255
207, 9999, -113.445, 0.252
208, 9999, -116.342, 0.250
209, 9999, -112.359, 0.247
210, 9999, -114.616, 0.245
211, 9999, -111.941, 0.242
212, 9999, -112.006, 0.240
213, 7034, 22.075, 0.238
214, 5088, 44.243, 0.235
215, 9999, -109.816, 0.233
216, 9999, -107.385, 0.230
217, 9999, -106.817, 0.228
218, 9999, -107.650, 0.226
219, 6439, 31.716, 0.224
220, 9999, -106.827, 0.221
221, 9999, -105.253, 0.219
222, 9999, -104.512, 0.217
223, 9999, -101.372, 0.215
224, 9999, -103.427, 0.213
225, 9999, -101.813, 0.211
226, 9999, -102.400, 0.208
227, 9999, -102.282, 0.206
228, 9999, -101.545, 0.204
229, 9999, -98.613, 0.202
230, 9999, -98.251, 0.200
231, 9999, -99.144, 0.198
232, 9999, -99.883, 0.196
233, 8323, 17.262, 0.194
234, 9999, -98.086, 0.192
235, 9999, -97.708, 0.190
236, 9999, -96.526, 0.188
237, 9999, -94.252, 0.187
238, 9999, -94.506, 0.185
239, 9999, -93.682, 0.183
240, 9999, -95.819, 0.181
241, 9999, -93.262, 0.179
242, 9999, -93.180, 0.177
243, 9999, -91.917, 0.176
244, 7617, 29.454, 0.174
245, 9999, -91.736, 0.172
246, 9999, -92.379, 0.170
247, 9999, -92.840, 0.169
248, 9999, -93.749, 0.167
249, 9999, -90.625, 0.165
250, 9999, -91.713, 0.164
251, 9999, -91.068, 0.162
252, 9999, -91.980, 0.160
253, 9999, -91.725, 0.159
254, 9999, -90.555, 0.157
255, 9999, -90.972, 0.156
256, 9999, -89.883, 0.154
257, 9999, -88.573, 0.153
258, 9999, -90.057, 0.151
259, 9999, -89.450, 0.150
260, 9999, -88.961, 0.148
261, 9999, -89.938, 0.147
262, 9999, -90.427, 0.145
263, 9999, -88.241, 0.144
264, 9999, -87.808, 0.142
265, 9999, -88.361, 0.141
266, 9999, -88.296, 0.139
267, 9999, -88.391, 0.138
268, 9999, -87.041, 0.137
269, 9999, -87.632, 0.135
270, 9999, -85.816, 0.134
271, 9999, -87.292, 0.133
272, 9999, -88.072, 0.131
273, 9999, -87.375, 0.130
274, 9999, -86.466, 0.129
275, 9999, -86.517, 0.127
276, 9999, -87.765, 0.126
277, 9999, -88.018, 0.125
278, 9999, -88.656, 0.124
279, 9999, -86.493, 0.122
280, 9999, -87.433, 0.121
281, 9999, -88.952, 0.120
282, 9999, -88.453, 0.119
283, 9999, -87.435, 0.118
284, 9999, -87.073, 0.116
285, 9999, -86.908, 0.115
286, 9999, -87.931, 0.114
287, 9999, -87.451, 0.113
288, 9999, -87.760, 0.112
289, 9999, -88.435, 0.111
290, 9999, -88.011, 0.110
291, 9999, -87.184, 0.108
292, 9999, -88.762, 0.107
293, 9999, -88.115, 0.106
294, 9999, -88.009, 0.105
295, 9999, -87.574, 0.104
296, 9999, -88.522, 0.103
297, 9999, -88.130, 0.102
298, 9999, -88.679, 0.101
299, 9999, -88.741, 0.100
300, 9999, -88.679, 0.099
301, 9999, -89.132, 0.098
302, 9999, -88.656, 0.097
303, 9999, -88.909, 0.096
304, 9999, -88.988, 0.095
305, 9999, -89.401, 0.094
306, 9999, -88.271, 0.093
307, 9999, -89.890, 0.092
308, 9999, -88.918, 0.091
309, 9999, -88.766, 0.091
310, 9999, -89.469, 0.090
311, 9999, -88.844, 0.089
312, 9999, -89.627, 0.088
313, 9999, -90.263, 0.087
314, 9999, -89.950, 0.086
315, 9999, -89.992, 0.085
316, 9999, -89.734, 0.084
317, 9999, -91.054, 0.084
318, 9999, -90.557, 0.083
319, 9999, -91.258, 0.082
320, 9999, -89.719, 0.081
321, 9999, -89.912, 0.080
322, 9999, -90.580, 0.079
323, 9999, -90.822, 0.079
324, 9999, -89.703, 0.078
325, 9999, -91.643, 0.077
326, 9999, -91.685, 0.076
327, 9999, -91.842, 0.076
328, 9999, -91.308, 0.075
329, 9999, -91.526, 0.074
330, 9999, -92.404, 0.073
331, 9999, -92.435, 0.073
332, 9999, -91.957, 0.072
333, 9999, -91.395, 0.071
334, 9999, -92.186, 0.070
335, 9999, -92.867, 0.070
336, 9999, -93.028, 0.069
337, 9999, -92.858, 0.068
338, 9999, -93.699, 0.068
339, 9999, -94.043, 0.067
340, 9999, -93.691, 0.066
341, 9999, -94.260, 0.066
342, 9999, -94.173, 0.065
343, 9999, -93.653, 0.064
344, 9999, -94.176, 0.064
345, 9999, -94.563, 0.063
346, 9999, -95.023, 0.062
347, 9999, -94.549, 0.062
348, 9999, -94.970, 0.061
349, 9999, -95.910, 0.061
350, 9999, -95.474, 0.060
351, 9999, -95.562, 0.059
352, 9999, -95.984, 0.059
353, 9999, -96.783, 0.058
354, 9999, -96.026, 0.058
355, 9999, -96.546, 0.057
356, 9999, -96.733, 0.056
357, 9999, -96.889, 0.056
358, 9999, -97.787, 0.055
359, 9999, -96.909, 0.055
360, 9999, -97.821, 0.054
361, 9999, -98.156, 0.054
362, 9999, -98.968, 0.053
363, 9999, -98.000, 0.053
364, 9999, -98.415, 0.052
365, 9999, -98.906, 0.052
366, 9999, -99.451, 0.051
367, 9999, -98.579, 0.051
368, 9999, -99.515, 0.050
369, 9999, -99.947, 0.050
370, 9999, -99.980, 0.050
371, 9999, -100.238, 0.050
372, 9999, -100.445, 0.050
373, 9999, -100.577, 0.050
374, 9999, -101.040, 0.050
375, 9999, -101.704, 0.050
376, 9999, -101.368, 0.050
377, 9999, -101.630, 0.050
378, 9999, -102.152, 0.050
379, 9999, -102.484, 0.050
380, 9999, -102.881, 0.050
381, 9999, -103.814, 0.050
382, 9999, -102.945, 0.050
383, 9999, -103.709, 0.050
384, 9999, -104.459, 0.050
385, 9999, -103.803, 0.050
386, 9999, -104.817, 0.050
387, 9999, -104.488, 0.050
388, 9999, -104.893, 0.050
389, 9999, -105.142, 0.050
